-0.220423
2.983841
2.464544
-3.712124
-3.225470
-2.051073
-2.837613
4.406116
3.074249
-0.928432
-1.093044
0.842235
-1.497958
2.520779
1.387508
-0.159904
-0.350883
0.272068
0.518403
-3.071208
-0.513553
-0.822405
0.400623
-0.150855
-0.280445
3.376337
0.423126
-0.944961
1.707948
-3.409635
-1.087511
0.024115
0.783625
0.561593
2.150292
1.835008
1.684439
-0.138765
-2.855457
-0.891353
-2.514097
0.366692
0.120343
-1.221228
0.569315
-2.168367
0.947368
-0.106346
-0.253615
0.568495
1.306036
0.809884
-1.538825
-0.318808
-0.101402
2.395048
2.562163
-4.481319
-3.866962
0.245093
0.063252
-2.888881
-2.525632
3.968284
4.581438
1.090516
-0.778896
-1.977892
2.711360
1.682707
-0.114156
0.158951
0.848970
2.568747
-3.707240
-1.427597
0.474548
-0.676007
-0.840424
-1.347553
1.810930
-0.154333
-0.460184
1.384364
-0.166536
0.024685
0.669187
-0.333345
-1.563384
-0.876613
-2.214251
0.155113
-0.277124
0.166042
1.284845
1.916377
1.081658
0.593017
-0.920627
-0.175984
1.245981
2.029530
-4.779241
-1.110270
-0.382587
-3.133687
5.223766
1.310397
-0.279443
0.851154
-0.845998
1.337075
1.024434
-0.792740
-0.988514
-0.956616
-1.139464
-1.096872
1.131234
0.965906
