-0.003429
0.032517
0.219253
0.005054
-0.140886
0.047144
-0.076091
0.017014
0.002363
0.014608
-0.081049
0.071938
0.037958
-0.038083
-0.151286
-0.007853
-0.100401
-0.003362
-0.026018
0.097605
0.106825
-0.129583
-0.098573
-0.070163
0.022282
0.004121
0.123505
-0.038220
-0.062021
-0.072289
0.033123
-0.057051
0.091406
-0.217587
-0.002454
-0.018756
0.014295
-0.139520
-0.021594
-0.102299
-0.035427
0.143020
-0.013986
0.018085
-0.026170
0.115489
0.026594
0.000114
0.031873
0.019839
0.030367
0.036541
0.009017
-0.068768
-0.107192
0.033636
-0.026679
-0.029050
-0.188915
0.003580
-0.015808
-0.263335
0.072005
-0.003080
-0.073789
0.105195
0.024130
0.060070
0.013845
0.044957
-0.051999
0.013371
0.043251
-0.002355
0.021636
0.028955
0.002974
-0.105074
0.007987
-0.118309
-0.019267
0.058200
-0.030642
-0.128471
0.241230
-0.077401
-0.046929
0.021353
-0.028060
0.075900
0.001468
-0.061313
0.120012
0.148032
-0.025028
-0.011653
-0.072842
0.035151
-0.041813
0.188733
0.011311
-0.089907
0.002275
-0.057139
-0.164369
-0.061313
0.178309
0.109605
-0.027795
-0.036141
0.007500
-0.015530
0.038815
-0.011367
-0.007572
-0.244707
-0.081147
-0.089902
0.005929
0.024753
